0.8476666666666667
[[-1.7292665440983293],
[-12.595304566357191],
[2.6600852555735934],
[9.72608938792931],
[8.785012959463838],
[-7.977795011412158],
[7.532335647022468],
[-10.209160591170628],
[5.741634304582986],
[1.3315110344099927],
[12.950621743958914],
[-12.149569024955253],
[14.233831217434034],
[5.64798460248629],
[8.167532815232176],
[13.867811235540183],
[0.3550266116748621],
[-9.62753050555132],
[9.725452557613464],
[3.1482508765077655],
[1.0200092768079423],
[8.47832318672839],
[6.572895527376652],
[7.807940976172336],
[11.315979830190791],
[13.251923935425804],
[5.738034782715265],
[12.450119217513137],
[7.241743044564209],
[6.831807615251031]]

[[-7.581659629322638],
[-4.4021868875148265],
[-3.7652577217541325],
[-8.742792713479085],
[-1.3239188838680358],
[-0.4860445422611307],
[-4.598547705548234],
[-6.175585552070422],
[-9.20671999236377],
[-5.627623767052371]]

