-1.0
[[-1.2994138310574497],
[-0.6112690338797178],
[-0.07698531181323133],
[1.9037735549591541],
[-0.8285340607396693],
[-0.6964927391321059],
[-1.019838372733471],
[0.399764768397513],
[1.340171364030387],
[-1.225931597091609],
[-1.584474523762948],
[0.04844779598022913],
[-0.05144852055092636],
[0.20231757809693662],
[1.5792174740216032],
[1.1438690821165185],
[-1.04596259381328],
[-0.6107656216753768],
[-0.26921186458676855],
[-0.2094441519248921],
[-0.1922712554590978],
[0.7208535764316697],
[0.7351201353564352],
[-0.7791763527208421],
[1.034088686070549],
[0.1598000863591738],
[0.7086488011022812],
[0.2264961786809354],
[0.4499694310346298],
[-0.4287010473622077]]

[[-0.8317547491894691],
[0.4002305354718798],
[0.40222407812413424],
[-0.821263281803714],
[-0.26935154994665167],
[0.4693081455000738],
[0.4611683252772735],
[-1.41322633736481],
[-1.7319459000522381],
[0.625054322096687]]

