0.8412666666666667
[[-19.140124707272626],
[-69.16548084512569],
[6.257095384005481],
[-252.09051188566144],
[-35.58020630881808],
[11.088019041312824],
[14.626458769960424],
[-74.13472968545709],
[-90.66502969644186],
[17.50157653940796],
[12.351372526020274],
[-42.113855496986325],
[8.331742208267427],
[6.877471228915491],
[3.284451176063775],
[-187.79065520127625],
[1.596470621221449],
[5.950404280879882],
[-16.653809559388485],
[9.160028865079637],
[-64.51715414141283],
[11.384738866031938],
[-255.02343949465683],
[-182.9123330111247],
[-14.794902477032515],
[-9.187642590680252],
[12.583553438723545],
[6.714850249010934],
[8.453287604978676],
[-0.09078214554635286]]

[[-17.637389372598104],
[-7.945492485432147],
[-6.125949757214689],
[-10.364449351537978],
[-2.5655509425062735],
[1.4089007239001572],
[-9.734671876973819],
[-3.8484582024226084],
[-8.025115657853137],
[-4.516567236375148]]

