0.8110666666666667
[[-0.08985240558650004],
[-2.125043510915945],
[-0.23273062230810143],
[3.8990501551187133],
[2.3759587067756316],
[-0.18961693519130499],
[1.3750464824849584],
[-2.0009970223757634],
[3.2807619090034597],
[-1.6494546992505197],
[1.215941713681978],
[-2.4625579908059727],
[1.1017270075746959],
[0.0490811282310646],
[4.078097253129284],
[3.862447777233033],
[-2.383959914609546],
[-1.5096276328407354],
[1.7772666109975412],
[0.294748915219452],
[1.0227008142895264],
[3.6572900075467727],
[2.1174196379450168],
[2.061951499088019],
[3.8362763373287385],
[3.5270135297917653],
[2.9391024053960093],
[3.112260685454862],
[2.770628116960871],
[1.6546652560426776]]

[[-3.076454044264253],
[-1.7267213418305418],
[-1.5131521425352081],
[-2.996696379479666],
[-1.040091576328523],
[0.9410199188149238],
[-1.957817481110843],
[-2.857538457465841],
[-4.930231739638044],
[-1.7182385610816575]]

