0.78795
[[-0.5709840834089518],
[-1.071234811860468],
[-0.556391144121749],
[2.469555518084506],
[0.9797267116584402],
[-0.899992789599502],
[0.05432489766411634],
[-0.7453348022554225],
[2.1879101511020775],
[-1.9078760201880636],
[-0.8674990596631321],
[-1.3856234824394404],
[0.1793702400589848],
[-0.15075580663123125],
[2.5865604781982445],
[2.001269567348941],
[-1.4349211898170275],
[0.7947092361877218],
[-0.07537269174599506],
[-0.4659037667076787],
[-0.19362994407383743],
[2.536948756483408],
[1.3007009218641532],
[0.7531419353816045],
[1.250423791789353],
[1.649100738266811],
[1.3367993532132814],
[1.1811451802544808],
[1.7342554085837047],
[0.4593796307059608]]

[[-2.4714866153359893],
[-1.1823541872439238],
[-1.1158167284445315],
[-1.9840565031871067],
[-0.7752024805458344],
[0.7768845446597257],
[-1.5022058201571336],
[-2.082874503107078],
[-3.555684999728444],
[-0.6639620653610421]]

