0.5459166666666667
[[0.08648088689704958],
[-0.007450301170017652],
[0.00727566786375034],
[-0.06388995679305252],
[0.07441085263596647],
[0.09233949389910913],
[0.07696331074612674],
[0.00527667557788363],
[-0.17512027935160007],
[-0.052407620238856534],
[0.042844854165890345],
[-0.018235176024497254],
[-0.015961442120430637],
[0.010192975723096605],
[-0.049152304439091694],
[0.1338765996469636],
[0.04069018978263077],
[-0.08076809361086586],
[0.049565225867779554],
[0.07429286914650635],
[-0.059044543028742104],
[0.04103547195429157],
[-0.015700678167887703],
[-0.09895436853873683],
[-0.004601655840814397],
[0.045006015284313396],
[0.1671789651883513],
[-0.014964657496790703],
[-0.033541127905336476],
[-0.02937284327784803]]

[[-0.3188883390390277],
[-0.1224915329249203],
[-0.40721036577550584],
[-0.41371935013687156],
[-0.11723100886952822],
[-0.22095502251245783],
[-0.3724768594701703],
[-0.2568844135188919],
[-0.4334502242032293],
[-0.32759057641740325]]

