0.884
[[0.15889115768710238],
[-0.06471169599711256],
[-0.07430399788821186],
[-0.1455524661138739],
[0.10603017057843908],
[-0.0037513589693790074],
[0.044274248293055755],
[0.06013496363122927],
[-0.2592366235834057],
[-0.19519644830139102],
[0.06842072699622047],
[0.10182852598455869],
[0.01808967340496886],
[-0.04999092724983445],
[-0.16090750421372602],
[0.18203348258165442],
[0.06341251505865424],
[-0.18672499968956063],
[0.09609729014251546],
[0.1294540226471629],
[-0.10485874735795696],
[0.05243128806068417],
[-0.03061896190427586],
[-0.0032332666690024032],
[-0.033447045431758735],
[0.006717091899522767],
[0.23486281090239391],
[0.03536470576220985],
[-0.11345808779978511],
[0.018767248157120286]]

[[-0.3849728486415996],
[-0.1721791258740681],
[-0.4906144517995387],
[-0.5084660548582496],
[-0.12142355055892365],
[-0.23933643856090017],
[-0.4962175410218284],
[-0.28820112547952487],
[-0.6054889226050673],
[-0.4422530246556192]]

