-1.0
[[-0.04782199948833627],
[-0.028843969827432727],
[-0.009938822976202726],
[-0.031223582837611386],
[-0.009759352627135549],
[0.05337223820761399],
[-0.011242404018773336],
[-0.028989608990384736],
[-0.007977018409868052],
[0.049816658952450805],
[-0.05346927572033531],
[-0.005313356674876624],
[-4.3359760524498686E-4],
[-0.031846854944494095],
[0.04551835858736052],
[-0.0037988538598912104],
[0.056979388412160666],
[-0.027096339825225083],
[0.053798488350322714],
[-0.033789061153566245],
[0.04655119986176909],
[0.028760649377346677],
[-0.025815570974494263],
[-0.015918967274777342],
[0.004822022493838495],
[-0.028951865209293475],
[0.007024588849243797],
[0.012336874112475358],
[0.005076281459504435],
[0.03995431733913012]]

[[-0.05438109285278725],
[-0.005596657609587256],
[-0.011623470642028592],
[0.039409496449754375],
[-7.482831808578071E-4],
[0.026680106528520996],
[-0.02075512036555689],
[0.00563059307946998],
[-0.05874163251711151],
[0.020540688316319177]]

